%YAML:1.0
---
K1: !!opencv-matrix
   rows: 3
   cols: 3
   dt: d
   data: [ 1.6994172035229096e+03, 0., 1.2782399690255493e+03, 0.,
       1.6988767916375484e+03, 1.0149673176782516e+03, 0., 0., 1. ]
K2: !!opencv-matrix
   rows: 3
   cols: 3
   dt: d
   data: [ 6.4316519501027881e+02, 0., 2.9833257017551017e+02, 0.,
       6.4646436062490829e+02, 2.0092343711845464e+02, 0., 0., 1. ]
D1: !!opencv-matrix
   rows: 1
   cols: 5
   dt: d
   data: [ -1.0841752366907827e-02, 4.8575275415200195e-02,
       -1.7375539879278606e-03, -5.0700161740047794e-03,
       -2.6894920806313904e-02 ]
D2: !!opencv-matrix
   rows: 1
   cols: 5
   dt: d
   data: [ -1.7943349203637819e-02, 2.1465611467039236e-01,
       -8.5785100559549465e-03, -1.0219076010657114e-03,
       -5.0446856365138537e-01 ]
R: !!opencv-matrix
   rows: 3
   cols: 3
   dt: d
   data: [ 9.9965597344172852e-01, -4.5563456683375587e-03,
       2.5829720796416610e-02, -4.6691188289583845e-03,
       9.3815186552448537e-01, 3.4619254258618715e-01,
       -2.5809573642958179e-02, -3.4619404519297925e-01,
       9.3780784224770164e-01 ]
T: !!opencv-matrix
   rows: 3
   cols: 1
   dt: d
   data: [ -1.3323466943703364e+00, 3.7160803471727083e-01,
       5.9837942405824895e-01 ]
E: !!opencv-matrix
   rows: 3
   cols: 3
   dt: d
   data: [ -6.7971403026187167e-03, -6.9001926173669836e-01,
       1.4134243495412929e-01, 5.6378626551814659e-01,
       -4.6397691522039086e-01, 1.2649411520270484e+00,
       -3.6525930664667605e-01, -1.2482503621896091e+00,
       -4.7084702151282054e-01 ]
F: !!opencv-matrix
   rows: 3
   cols: 3
   dt: d
   data: [ 1.0906542513144632e-07, 1.1075419966561295e-05,
       -1.5234793929976929e-02, -9.0002236379753804e-06,
       7.4092339700742682e-06, -3.0332671032192372e-02,
       5.5453262521803423e-03, 8.0933039797538298e-03,
       9.9999999999999989e-01 ]
